112.51
107.84
167.02
122.24
199.65
154.40
156.59
114.20
131.56
120.60
172.73
140.97
178.41
151.82
192.59
120.95
125.93
196.44
137.70
147.38
134.50
155.04
101.51
195.29
149.53
181.52
168.15
175.21
143.64
193.44
164.26
101.54
170.29
127.05
149.85
148.29
161.21
129.17
119.99
197.91
105.46
111.99
159.42
149.86
106.41
110.14
164.25
144.71
125.20
169.39
121.38
176.95
183.69
165.87
114.90
115.04
118.42
101.09
111.09
120.70
147.91
143.53
158.61
161.29
140.21
190.61
129.28
138.67
145.00
106.28
115.89
116.05
184.88
148.87
198.37
110.21
184.67
141.44
187.53
130.84
153.75
152.72
155.95
190.76
126.89
150.43
170.32
181.38
111.92
160.77
145.95
106.33
188.66
118.06
154.96
192.66
153.07
116.59
132.78
153.95
102.86
183.23
144.05
162.55
116.45
173.74
188.89
199.19
185.74
158.32
153.00
187.32
125.25
102.65
131.06
186.86
194.66
169.67
181.88
117.62
140.42
163.97
105.93
105.70
182.77
116.28
170.96
198.51
149.16
158.19
150.08
173.27
182.34
169.06
177.88
171.96
132.11
186.30
175.02
131.98
173.16
157.83
139.35
145.34
178.52
181.29
152.58
172.23
117.91
118.47
105.35
154.52
143.39
195.19
101.05
123.78
170.95
197.33
158.49
174.94
165.88
151.46
197.38
181.22
192.33
135.29
156.70
159.36
192.98
197.46
165.97
154.74
123.43
178.61
161.95
105.55
177.69
116.83
119.33
162.03
106.19
188.97
142.94
182.70
145.78
186.51
151.06
102.50
152.24
149.89
164.74
169.92
150.34
188.07
106.50
179.65
193.81
191.80
103.06
185.29
158.17
108.33
181.52
162.78
172.99
183.02
146.30
109.18
137.24
188.85
124.67
103.96
150.88
158.97
173.08
130.14
139.34
109.08
143.34
151.28
143.46
186.77
118.20
167.01
196.93
113.05
139.04
124.42
115.61
187.66
164.97
145.73
178.64
114.27
122.40
143.55
190.18
164.27
126.66
134.30
172.15
138.54
183.22
127.55
153.42
105.31
105.21
164.54
188.96
189.66
115.85
102.64
163.71
164.61
139.76
194.08
109.97
147.58
125.52
187.32
195.09
137.06
183.23
187.01
116.08
133.80
165.75
144.75
172.23
178.55
169.53
116.97
172.95
103.96
182.46
118.49
178.51
142.25
159.56
120.85
164.07
152.12
164.99
192.72
143.83
128.43
178.68
156.93
191.25
136.68
129.57
142.79
143.86
170.17
183.72
145.77
186.71
162.72
185.47
167.38
167.20
102.15
122.21
197.44
105.84
180.32
159.44
117.97
132.36
184.84
171.95
153.62
194.90
183.88
178.54
166.88
160.88
181.32
173.66
198.06
152.65
122.04
137.07
179.81
138.53
109.01
194.64
113.88
130.14
153.03
197.70
183.81
121.00
113.58
186.30
191.36
137.79
105.20
102.43
146.94
165.91
137.29
123.55
114.54
153.92
127.51
193.57
110.28
197.59
179.02
138.87
180.31
153.76
139.70
170.33
138.65
136.42
168.35
188.83
128.41
103.25
116.94
131.16
180.85
149.32
100.74
116.28
185.95
186.65
168.82
177.55
155.48
103.05
106.37
195.71
154.80
162.11
197.17
179.34
103.39
126.86
149.59
174.96
195.57
164.43
142.85
127.22
172.76
116.28
181.55
151.06
186.55
198.99
155.94
122.62
127.79
134.63
193.01
143.02
161.18
196.20
149.28
180.47
197.07
193.83
139.79
149.67
152.55
120.37
120.13
145.20
102.60
121.21
138.02
105.16
198.46
152.43
149.60
145.35
135.52
144.03
151.50
170.29
185.55
190.28
114.71
137.26
169.52
148.14
118.39
122.34
136.01
136.30
172.84
113.04
127.96
192.68
189.56
131.43
165.40
165.83
103.27
173.52
145.79
187.28
175.86
136.24
165.06
195.98
115.66
191.25
192.09
163.44
126.44
156.97
187.68
198.80
160.20
114.12
144.53
196.76
185.62
108.48
139.53
127.97
199.15
184.98
131.44
161.67
100.38
101.47
107.76
153.20
124.59
177.62
182.86
125.28
175.83
144.58
176.52
121.41
132.18
174.48
156.24
111.90
100.86
185.32
110.15
188.88
185.61
136.48
128.04
195.11
191.34
152.72
107.16
193.47
131.52
140.50
167.18
198.70
123.02
189.58
153.37
161.13
149.72
184.62
131.35
113.46
151.50
187.22
127.85
165.70
148.45
186.82
152.11
161.13
141.40
160.63
140.08
186.33
139.37
127.32
100.02
162.45
152.18
126.86
101.89
131.43
152.16
110.00
145.54
190.71
152.69
174.60
162.70
123.56
173.42
143.39
156.93
117.59
161.86
137.87
161.54
164.13
119.66
166.45
101.09
182.88
137.70
111.53
174.40
122.29
179.17
169.64
138.28
144.71
161.92
171.77
160.41
116.91
182.44
186.71
126.87
191.95
192.43
189.27
135.41
186.05
186.06
157.48
179.06
125.46
181.00
147.94
126.29
162.85
179.68
187.06
133.61
139.67
178.29
107.26
184.82
102.09
150.96
151.96
136.53
161.37
173.60
170.94
164.33
126.53
168.15
128.34
145.87
127.16
141.48
149.93
187.74
187.14
165.16
142.96
101.48
106.30
192.70
132.61
160.66
156.46
138.78
172.07
125.95
100.52
151.48
199.99
107.79
199.08
192.95
138.69
147.45
177.54
106.64
148.98
136.36
188.56
189.75
183.78
160.85
119.82
108.67
111.39
155.04
164.71
191.88
111.42
167.81
195.30
110.07
181.83
101.82
150.65
106.41
133.72
162.05
181.67
171.19
192.10
159.38
173.49
164.62
165.54
150.75
100.84
179.01
195.18
161.53
158.00
197.62
144.70
128.12
145.33
150.79
146.66
119.14
187.30
192.51
177.81
142.12
103.04
120.19
196.38
119.19
149.78
138.94
137.30
120.36
112.27
127.92
128.43
175.28
116.26
100.71
159.94
146.22
103.45
164.32
112.07
133.33
116.69
172.30
122.28
101.21
109.29
135.96
151.74
160.82
110.47
105.00
193.38
114.46
150.00
153.73
148.88
173.17
169.46
112.42
190.27
185.62
125.16
164.54
113.61
175.73
117.90
190.24
186.44
171.86
169.03
173.96
188.89
124.97
198.43
109.79
148.80
155.27
150.71
132.04
175.43
137.23
158.16
170.44
103.58
131.50
126.01
179.59
169.85
198.78
174.17
120.34
156.43
185.70
172.54
177.21
154.29
155.43
162.37
180.49
117.11
146.85
164.69
164.22
100.18
185.50
139.03
131.75
104.35
136.35
170.17
119.96
174.11
184.37
129.01
149.57
130.99
152.00
174.75
124.51
158.73
114.41
139.84
196.36
195.07
153.41
166.73
141.25
126.51
198.51
145.84
106.06
127.01
139.71
138.01
168.44
129.29
161.05
151.45
120.78
168.47
135.71
183.15
132.15
191.50
144.50
127.74
164.29
183.19
127.47
103.17
117.70
119.91
155.48
141.47
162.09
125.14
113.31
145.87
162.03
167.89
118.47
120.65
142.79
114.50
161.31
138.99
154.14
116.93
141.00
125.88
180.69
196.84
189.17
198.13
115.89
163.47
118.59
121.48
164.18
185.73
107.66
116.03
160.49
123.80
133.14
165.72
199.83
114.42
193.53
164.65
150.84
194.98
123.11
164.06
186.83
146.75
182.94
166.97
105.12
134.69
129.18
154.82
121.72
122.86
101.38
119.94
121.71
147.82
143.76
121.11
117.97
139.97
171.18
175.31
120.95
192.82
117.95
148.48
150.33
193.66
162.59
110.04
125.78
145.53
104.49
172.16
158.62
130.08
179.41
142.71
128.60
183.59
140.07
183.21
170.81
184.42
195.17
177.87
116.72
179.06
195.71
187.61
130.05
106.05
181.03
184.74
153.51
112.45
148.58
137.50
135.54
195.76
191.21
141.99
137.59
145.76
153.83
178.69
131.90
105.41
197.06
105.25
187.37
117.59
119.96
183.54
106.85
175.47
185.86
178.96
123.05
148.19
116.20
163.45
181.99
110.77
165.21
199.20
143.58
167.29
165.51
180.00
106.37
119.91
139.13
159.18
120.61
102.65
101.51
198.88
187.70
168.65
146.91
133.98
156.89
192.17
193.17
155.87
120.96
122.72
180.58
186.22
181.19
107.50
165.46
128.87
199.05
180.50
122.23
159.28
177.21
102.06
169.70
135.21
115.43
120.76
166.94
189.73
168.61
121.24
181.96
198.33
193.37
116.11
122.63
195.53
107.46
137.81
133.24
153.02
101.70
187.32
102.57
121.81
138.39
100.35
199.62
183.27
141.66
199.11
151.70
150.70
135.70
107.66
106.30
112.03
114.80
122.60
172.86
106.92
135.64
146.91
123.65
